.Random.seed <-
c(403L, 10L, 762967102L, -930817928L, -1650490533L, -201261383L, 
1600639752L, -2024396362L, 1810347761L, 1833394467L, 1513812850L, 
-1058129468L, -369294969L, -1704346787L, 484439380L, 506509178L, 
-1922787643L, -712517601L, 1707294630L, -485375696L, 1370708947L, 
107971057L, -1735391456L, 1131893182L, 1717526985L, 540661115L, 
2017739594L, -1178565716L, -1314231633L, 1916000357L, -2146281444L, 
-1817594254L, 1507821805L, 249022759L, -1121405618L, 650745256L, 
296366507L, -1687336247L, -642303272L, 548161414L, 1892964961L, 
593658867L, 1551029858L, -1836519212L, 1913551319L, -556307507L, 
-1461706908L, -2119169206L, -2049189195L, 1260825103L, -551130346L, 
1623049664L, -2050419325L, -1138517087L, 1356342160L, 2132164718L, 
602441241L, 272787115L, -1271719270L, 707954268L, -1771252897L, 
1914293557L, 1144290508L, 1776944674L, 473364605L, 569164151L, 
-1515098466L, 1601232216L, 2118585531L, -294784423L, 428136936L, 
1635507222L, 1737402257L, -722819005L, -1795223726L, -394578972L, 
2063256103L, -1178713475L, 642136948L, -1197123750L, 547148197L, 
-961622593L, -1851773370L, -95322928L, -722757901L, 299569169L, 
684725824L, -1515505122L, -1619675927L, -161956325L, -2026144214L, 
-1970200244L, -1217492209L, -560161211L, -1886410756L, -1730445742L, 
-1207884851L, 1187253639L, 900909166L, -238251960L, 186524235L, 
-771620951L, 925683448L, 947604006L, -29826239L, 933365971L, 
-765711230L, 131500724L, 527539767L, 855688493L, -736776636L, 
-176573590L, -1803509803L, -1496446609L, 293717110L, -615247968L, 
-713828253L, 593526017L, 1816383600L, 442268686L, -750019463L, 
-1400558581L, 563725626L, -249506756L, -1195220097L, -2100645675L, 
-374602516L, 1064148546L, -898305635L, -594238441L, -1255868034L, 
268836664L, 1279219739L, -774088327L, -1342275640L, 1878533110L, 
-934250959L, 974868579L, 99315762L, 1632243076L, -622464057L, 
-1551485283L, 1661492756L, 258548922L, 549818629L, 1804735199L, 
1487814502L, 525096688L, 1681763859L, 1991862193L, -1920945568L, 
1179947006L, 1024409481L, -171550533L, 985207946L, 710928236L, 
1077261551L, 1318248229L, 2091813340L, 140064690L, -1391739219L, 
593950311L, 534496654L, -1920093592L, -97898901L, 251267081L, 
-1439271272L, -759500346L, -1841880799L, 993456563L, 1179487522L, 
-1049712876L, 743874455L, -1249640563L, 246383268L, 1899465866L, 
-1769659659L, 1384514895L, -1710845354L, 1762963712L, -1683422141L, 
472778721L, 896722768L, -765339218L, -1728424103L, -937861781L, 
-1689844518L, 538971548L, 1377055135L, -1799613451L, 469254796L, 
-1198241950L, -644073667L, -232058953L, -1023959970L, -790179432L, 
-1460325125L, 671842457L, 562164008L, 268863446L, -470080431L, 
1288851203L, 472368786L, -1241496540L, 82709223L, -490315971L, 
-528752716L, 548258842L, 706223973L, 1615512063L, -904491898L, 
933859344L, -287386957L, 571756881L, 2114072832L, 1731359710L, 
5021737L, 521811931L, -1914133270L, 388530828L, -1468031537L, 
1212666245L, -1570248132L, 1877741330L, -1081117683L, 1442365255L, 
-266437330L, -1222312824L, -1032689269L, -1000370592L, -926489268L, 
1271764256L, -122506622L, -1030854168L, -1733310484L, -2005436868L, 
882003570L, -1319287952L, -2044573404L, 883192376L, -2052300390L, 
-578549296L, 532741564L, 529647764L, -75228030L, -1302927936L, 
-31284420L, -392694640L, 1726169890L, 2029456904L, 1737993484L, 
-1897482852L, 294313490L, -837710976L, -590920940L, 1679061288L, 
1382083642L, 162671568L, -4849044L, -1519257036L, 1857944210L, 
692100448L, 299477324L, -1352738848L, -1218046558L, 2028035496L, 
742024844L, -1120723524L, 164949618L, -1604559888L, -1132366268L, 
-1962878888L, -606463942L, 524863600L, -1573652420L, 1269799188L, 
298599106L, 580194016L, 1775995004L, 1515941584L, -839632478L, 
-147230680L, 438868748L, -449080900L, 27439922L, 2085059264L, 
1111344180L, 1402672840L, 349689018L, -1093044592L, 169381612L, 
-406435244L, 2052825746L, 1500201248L, 1146341836L, -252099872L, 
-392759102L, -509594584L, 1327200172L, -916593988L, -931566606L, 
1795362352L, -1194506332L, -105894472L, -2056198310L, -1437945712L, 
-33184900L, -1761930988L, -1815090878L, 2046880000L, -1396347460L, 
654526800L, 2063862050L, -201760184L, -1790302196L, 574973532L, 
-154662446L, 1530048000L, -26362540L, 807931112L, -1439430406L, 
132153040L, -1023423700L, 1662200052L, 1941906L, -1701141152L, 
-794143732L, -376435488L, -1924353438L, -444472152L, 796836940L, 
556285820L, 1012611378L, 1688388208L, 1323938628L, -1845773352L, 
2035657594L, 105371696L, -1895104580L, 999901780L, -172199870L, 
-747231584L, -268655940L, 1686266832L, 1661949282L, -1825030424L, 
1580195020L, 448838140L, -775184910L, -1315545984L, -1340401164L, 
903094920L, -488367302L, 548234576L, 395289708L, 1731636628L, 
-2041993134L, 1691033056L, 616649932L, -78586208L, -854429310L, 
80756968L, 1103686380L, 1362730300L, 1634330738L, -626752912L, 
155572772L, 2041546808L, -1251215078L, -2055150384L, 1800395068L, 
-1839991916L, 985200514L, -738530368L, 1457288764L, -405438064L, 
2078976034L, 699575560L, 1962281100L, -1333866724L, -1201628014L, 
-1994683008L, 308752404L, -1496275160L, 725517882L, -519124528L, 
1208885612L, 1019714484L, 1974170130L, -267290656L, -71493172L, 
712399072L, 1135842338L, 1312160552L, -483087860L, 239948604L, 
1220192242L, -515480848L, -218437052L, -1751067048L, -2074069190L, 
-621332496L, 1340050108L, 568206612L, 1108372674L, 374705248L, 
404938108L, 439525328L, 242682146L, -374739288L, -159899764L, 
1009222844L, -1254247630L, 1196021312L, 461354164L, -366293944L, 
-1278112326L, -2133837296L, -566555412L, 743911764L, -1919149294L, 
2108933536L, -1402457396L, 313969248L, 209725378L, -98114776L, 
1691140524L, 687551804L, 1308640114L, -1133918928L, -566698204L, 
-304765640L, -1304099110L, 1205196688L, 995074812L, -914572396L, 
965461058L, 1636240640L, 1244528700L, 1339739472L, 341750946L, 
-896468152L, 1891053324L, -518525220L, 38733650L, 1440204416L, 
1966403668L, 1141097448L, 637119226L, 1914834256L, 1476056876L, 
218336116L, 895288210L, 1697827424L, -471265396L, 171710304L, 
-1203780373L, 379688412L, 710745098L, 1634007807L, -1086213303L, 
696928478L, -266357108L, -742276515L, -12205977L, 340450704L, 
384200110L, 914831451L, -1489850307L, -2089245014L, 704529224L, 
801474417L, -1214009117L, 1757472740L, -922304750L, -228924697L, 
2100593841L, -389716234L, -1220693740L, -257432027L, -386172113L, 
214265064L, 44944838L, -450216845L, 51861205L, 207482034L, -1532485504L, 
-1846145943L, 1037244635L, -176780244L, -1730939846L, 1692361455L, 
1743822201L, -35532274L, -240933924L, -1221653427L, -1951195209L, 
1020363072L, -2076973026L, 2003148523L, 1489718893L, 1124439770L, 
309708440L, -494899967L, 1454461619L, -957211180L, 917699810L, 
827594103L, -457012031L, -894799802L, -482541692L, -1167189707L, 
1534691103L, -2063472008L, 693694294L, -1310290461L, -367320155L, 
-1070149054L, -614936528L, -797989799L, 1268390347L, -1729603012L, 
-57322390L, 933447327L, -2038199511L, -1320695874L, -901679444L, 
335985661L, 978359111L, 497996848L, -867060402L, 1863953787L, 
-260449571L, 651303690L, -850453976L, 339497617L, 597889667L, 
1649726340L, 490305970L, -403036409L, -1737235119L, 564260054L, 
1648937396L, 1124867525L, 842272015L, 1958894472L, 1648984742L, 
1234850387L, 1541946293L, 2021509394L, 1461394144L, -1640362167L, 
-639671941L, 1682738252L, -1572246054L, 1014550479L, -1190121063L, 
-340115026L, 1364229820L, -2010058963L, 1865632983L, -1584024288L, 
-293412226L, -1220727733L, 345357901L, 2117018746L, 1584514232L, 
1440525921L, -432663533L, 1868210740L, 1152205890L, -397345705L, 
-423422047L, -1549359002L, 1301901412L, 58198933L, -48513857L, 
1261268056L, 1416255606L, 1462356099L, 590227653L, -970086942L, 
1781795920L, 1884775801L, 865589931L, -1887665636L, -858661558L, 
1467467071L, 255345545L, -1936196706L, 1312184908L, -1940767715L, 
-682519129L, -417568560L, 311032430L, 529442075L, -756244867L, 
-1937675158L, -902817528L, -1506243151L, -130029021L, -1066741980L, 
-324929582L, -1369172953L, 1265323633L, -243272522L, -1054247852L, 
